31
1217
46
140
38
1461
144
2300
832
48
1115
591
831
556
557
43
49
52
39
592
53
566
569
45
576
866
143
1465
47
2373
570
1110
575
828
1108
1111
1107
30
1112
561
584
589
819
875
558
2543
594
562
564
40
565
581
579
577
568
572
567
2599
590
580
583
578
587
2614
1456
586
3042
571
585
574
563
559
881
882
885
818
825
916
918
822
911
907
824
898
899
887
897
2700
912
823
820
910
821
1378
573
830
879
1006
1271
1296
1302
1109
1174
1197
1337
1363
1367
1290
1368
1229
1309
1310
1311
2903
2983
1401
1167
1398
1468
1464
1462
1463
1466
1503
2641
2583
2596
2584
2585
2581
2578
2587
2588
2589
2590
2591
2593
2594
2595
560
2705
2707
2716
2717
2728
2764
2766
2775
2780
2781
2784
2787
2788
2792
2791
2796
2797
2805
2806
2814
3006
2844
2901
2967
2974
3038
3043
3045
3054
3071
3084
3125
3131
3132
3136
3137
3138
3139
3140
3141
3142
3144
3145
3159
3179
3180
3181
3182
2294
2629
2637
2704
2953
2965
2793
2813
2964
2998
2997
2999
3000
3058
3059
3183
59
60
1601
88
80
82
81
2302
78
2299
89
79
2301
84
2303
85
2298
91
93
90
87
2296
92
2297
95
94
835
846
845
842
840
839
836
837
838
841
855
850
847
856
1560
849
1600
858
851
848
859
1327
1195
852
854
857
1253
1211
1431
2304
2696
2816
2994
2852
54
41
599
597
55
602
598
596
595
56
610
611
653
604
607
606
603
600
624
625
609
1258
626
1387
608
627
601
629
628
652
688
689
690
1445
691
651
693
696
702
700
695
704
698
697
701
703
660
728
747
730
654
744
756
757
746
1200
750
731
729
725
753
659
1602
724
717
748
658
751
727
718
722
720
721
687
650
692
726
1218
1318
1408
1585
1402
2902
1578
1577
1575
1576
1579
1580
1581
2847
1586
2309
2310
2311
2833
2841
3055
3148
754
1603
1539
2305
2306
2307
2308
2642
2643
2853
2854
2855
2856
2857
2858
2859
2860
3124
3126
3129
262
1665
139
2325
277
2328
278
2329
269
2326
271
1152
2330
272
2327
281
275
2331
1134
919
279
282
920
921
1257
280
1411
1638
1641
1639
1640
1642
1648
1643
1644
2840
1651
1422
1201
1645
1428
1649
1650
1658
1421
1669
1667
1340
1657
1661
1647
1656
1659
1670
1663
1548
1664
1655
1571
1420
1653
1652
1654
1662
1660
1666
1444
2332
3064
1668
2862
2322
2323
2324
2644
2647
2646
2861
2864
2865
2866
32
2320
505
506
508
517
519
525
1042
1242
529
1550
1574
1624
1525
1625
1545
1629
861
1626
1636
1630
1634
1631
1164
1132
1633
1394
1163
1524
1153
1627
1635
1632
1628
1637
2617
1573
2316
2616
2650
2317
2318
2319
2648
2649
2935
2936
2938
2939
138
1305
134
33
50
224
2337
218
217
1697
786
227
2349
212
2343
223
2341
220
2338
222
211
1288
213
228
230
2340
219
2348
205
2344
226
225
2342
221
214
1166
229
1549
208
201
215
2350
209
2896
1041
1067
210
202
2346
204
216
203
200
206
188
1244
1676
1673
1674
1671
1672
1212
1675
860
1681
1678
1680
1693
1682
1679
1677
1686
1703
1701
1698
1699
1704
1690
1683
1685
1691
1702
1692
1688
1332
1700
1684
1696
1687
1694
1695
2339
207
2347
1313
2621
2351
2352
2353
2354
2356
2357
2828
3061
3063
3122
2336
2831
2333
2334
2335
2656
2655
2654
2652
2651
2871
3104
3105
3106
3161
122
1136
142
1621
129
374
377
2313
2315
379
1314
381
384
1274
404
390
1276
393
394
395
400
1014
1047
387
410
405
408
411
412
2314
1604
413
1291
1608
1546
1607
1605
1606
1611
1609
1622
1610
1616
1615
1617
1614
1613
1623
1618
1619
1612
2623
1373
1409
1419
1620
2990
2312
2657
2886
2910
2955
2956
419
34
2531
124
421
2533
422
424
426
2530
137
2532
427
429
441
1062
1328
444
2534
446
2535
447
449
2536
450
453
454
442
1012
2189
1063
456
1045
2191
2190
2192
714
711
738
708
759
768
739
707
765
715
737
767
766
2198
2195
2196
762
764
2193
741
2199
734
709
712
710
2194
716
760
733
742
740
732
2200
2197
763
713
743
2537
2982
3052
3056
3057
3060
2529
2659
2660
2849
2850
3083
3189
3190
1469
132
73
2399
125
75
133
135
131
136
1304
130
2400
76
307
313
308
309
310
1450
311
1215
323
655
676
1011
317
315
1092
312
318
320
319
324
326
327
1010
329
656
664
1303
672
1724
685
669
706
675
674
677
1471
1522
663
686
673
662
682
683
666
679
671
1727
680
668
936
1347
1726
684
1380
1552
1399
2824
2883
3039
3151
2362
2363
2661
2934
3077
111
2540
109
1145
110
1129
116
2415
86
113
117
112
1143
2541
77
2542
118
2548
2549
173
2551
170
160
2553
161
2554
171
2544
169
168
2546
162
2547
115
1442
2545
167
2552
164
1190
787
2555
1343
166
146
156
154
148
155
1048
1049
152
158
1064
163
2550
150
147
153
151
2556
1118
182
149
1179
1182
1139
1542
1194
2201
1051
1543
2206
2204
1065
1069
2202
1589
2207
2203
1435
1116
1418
1193
1239
1436
1412
1359
2215
1120
2214
1406
1544
1140
1330
1434
1151
1397
2226
2218
2219
2217
1361
2216
1591
1453
2208
1376
1192
2223
2224
1191
2209
1141
2213
1388
1121
1405
2229
1449
1370
2225
933
2220
2230
2228
1097
1154
1597
2210
2211
2227
1459
1155
1199
1171
2212
2977
1202
2972
2620
1223
1312
1170
1181
2222
1403
1437
1553
2557
2558
2559
2618
2826
2971
3094
3143
3149
3150
2221
2538
2539
2662
2663
3089
3090
3108
3109
114
2379
2380
240
2383
242
2381
159
2384
243
2385
250
2389
241
2382
252
2390
257
2394
1216
256
2393
2398
1189
244
2397
247
2395
246
248
2386
249
2387
251
2388
253
2391
255
2392
254
1066
258
2396
1763
259
1791
260
1255
1764
1364
1766
1765
1768
1769
1767
1770
1784
1780
1792
1793
1795
1350
1774
1776
1777
1349
1778
1341
1785
1798
1357
1789
1794
1788
1790
1773
1796
1775
1353
1351
1786
1355
1771
1345
1782
1783
1787
1797
1779
1781
1354
2401
2402
2403
2604
2605
2640
3046
3188
2377
2378
2905
63
66
67
2405
68
69
2409
70
2407
72
2408
314
2406
335
2410
322
2412
316
2413
1196
325
1022
331
1023
2414
328
2411
333
1024
1801
339
340
338
1799
1848
337
1180
1247
341
1800
1803
1429
1802
1804
1519
1847
1812
1810
1806
1807
1805
1849
1814
1809
1813
1808
1831
1843
1845
1844
1857
1850
1851
1836
1829
1832
1835
1842
1830
1854
1566
1816
1833
1834
1826
2839
1827
1824
1825
1846
1853
1837
1811
1841
1852
1822
1823
1828
1821
1818
1855
1815
1819
1817
1820
1838
1839
2989
2625
1225
1407
2416
2417
2418
2419
2420
3065
3066
3152
2404
2664
2665
2666
2667
2668
2921
2922
2923
2925
2926
2954
3115
3185
102
465
2421
468
471
1214
103
472
1020
473
1061
474
1021
476
475
1859
1261
1858
477
478
1250
1863
1862
1860
1861
1896
1898
1899
1864
1897
1865
1908
1901
1906
1881
1887
1903
1867
1883
1912
1914
1886
1905
1873
1907
1911
1884
1877
1878
1876
1915
1186
1900
1909
2838
1556
1913
1875
1874
1866
1882
1879
2884
1880
1885
1868
1587
1872
1871
1870
1869
1895
1893
1889
1890
1892
1891
1894
1888
3121
2422
2423
2606
2830
3146
1910
1506
1902
1904
2970
108
2427
2439
165
2431
157
2430
176
2432
177
2433
172
2428
174
2429
175
2435
183
2437
867
868
185
2434
195
186
189
2436
190
2438
869
192
194
197
872
870
874
891
889
888
871
896
893
895
925
908
948
900
917
949
954
926
924
909
947
2887
942
922
928
946
952
904
940
953
914
923
955
957
2843
941
931
951
943
944
959
958
956
913
950
927
2440
2441
2442
2443
2973
2424
2426
2885
2888
2891
2895
2963
3120
3187
2889
3184
126
1219
61
1457
499
537
2513
540
494
2519
554
507
509
71
528
542
491
2516
1142
622
2518
510
2517
555
547
552
534
553
551
1238
64
496
65
535
526
1204
1279
548
549
527
1245
2136
1210
1246
1264
550
2093
2096
2095
2094
678
1165
2135
2110
2100
2098
2102
2137
2099
1336
1369
2097
2101
2108
2115
2126
2123
2153
2122
2120
2125
2111
2121
2147
2118
2119
2117
2134
2140
2105
2103
2104
2107
2106
2138
2114
2113
2109
1510
2139
2149
1513
2141
2148
2837
2154
2124
2131
2130
2128
2127
2155
2116
2144
2143
2129
2142
2152
2150
2133
2112
2145
2146
120
1321
1168
1385
1400
1446
1504
1511
1528
1529
1540
2132
2607
2608
2609
2514
2966
3004
3005
3160
3175
3176
2978
2506
2507
2508
2509
2510
2511
2512
2669
2817
2897
2928
2959
2960
2961
2962
3113
3158
3192
2698
62
2836
459
1324
460
463
1148
466
462
2842
833
464
458
1323
479
481
1114
469
834
853
1178
873
482
876
485
487
484
878
2448
489
490
2451
880
884
1919
883
2449
493
886
890
902
894
1203
1502
1100
1942
1921
1147
1920
1430
1520
1923
1924
1922
1410
1050
1156
1554
1932
1944
1161
1936
1928
1937
1938
1930
1940
1334
1939
1943
1934
1933
1125
1512
1307
1935
1931
1150
1926
1301
1925
1187
1172
1927
1547
1929
1222
2624
1532
1941
1530
1518
2452
2453
2454
2455
2697
2985
3047
3067
3068
3073
3079
2450
2638
2444
2445
2446
2447
2670
2671
2672
2673
2674
2675
2676
2677
2906
2907
2908
2909
2912
2913
2914
2969
3035
3036
3040
3091
3098
3114
42
1159
1974
414
1169
127
1077
1104
128
1099
121
1144
417
1557
420
1105
2462
423
425
1963
428
1973
430
1972
2459
431
1124
1007
1176
1157
433
1965
1966
434
1968
1505
432
1316
436
1967
435
1969
437
438
1158
439
1970
443
2460
440
1356
445
1052
1027
448
1281
451
455
452
2461
461
1971
1975
1026
457
811
817
809
812
806
1945
1948
810
815
1947
816
1976
1106
1946
808
1977
1960
1962
1162
1059
1433
1424
1949
1074
1068
1056
1953
1956
1955
1016
1015
1978
1957
1981
1551
1954
1959
1950
1958
1013
915
1951
1961
1008
1413
1979
1982
1019
1952
1980
1326
1160
1443
2988
2622
2975
1964
2603
2893
2456
2457
2458
2927
2948
2949
2950
2951
123
44
1053
385
2472
388
2470
386
2476
389
2469
391
2473
398
2471
392
2468
402
2478
58
2466
1029
1983
399
2477
396
2475
397
401
1133
1243
403
406
2479
1188
407
2467
1070
416
409
415
2474
418
1987
1989
1988
1991
1985
1986
1984
1997
2008
1992
1998
1993
1996
1994
1995
2005
2018
2045
2021
2022
2023
2027
2007
1017
1198
2016
2002
2015
2024
2020
2026
2017
1055
2039
2025
1990
2030
2031
2032
2033
2010
2019
2000
2035
2028
2041
2029
2040
2046
2004
2006
1999
2011
2001
2929
2013
2009
2042
2014
2012
2044
2047
2038
2036
2003
2037
939
2463
3081
3147
2034
3086
2464
2465
2679
2678
2930
2931
2932
2933
3037
3102
3110
3111
2054
1455
104
1096
1285
105
106
283
284
285
286
2056
287
2057
288
2484
289
960
98
2055
290
2061
293
1297
1308
1275
961
292
1295
291
2483
294
295
296
301
300
299
297
298
1031
302
2060
963
303
304
305
964
2058
965
306
966
967
968
644
647
635
2049
970
972
646
975
974
617
973
971
620
2048
979
631
985
980
613
1001
1289
630
1004
648
988
999
2064
2063
645
619
2051
2052
2053
983
640
638
992
2062
642
984
991
2835
1002
615
616
997
995
998
993
994
641
612
996
632
636
987
989
633
976
977
978
1000
2050
990
981
1005
643
649
2979
1298
2059
2480
2610
2898
2941
3078
3082
618
2481
2680
2681
2682
2683
2684
2942
2943
2944
2945
2946
2947
3080
96
2371
532
2367
530
531
2366
543
2370
533
536
2368
1034
2372
538
1033
541
2369
539
1035
1046
1374
1256
1259
1252
1251
1731
1733
1730
1729
1732
1734
1728
1762
1738
1736
1739
1735
1761
1746
1751
1743
1752
2834
1737
1756
1749
1755
1753
1754
1745
1757
1759
1747
1742
1758
1750
1740
1741
1744
2987
3118
2364
2374
2375
2376
2628
2686
3048
3049
3050
3053
1760
2365
2688
2687
504
1329
511
512
1249
1521
1382
2292
2293
2290
1404
1390
2291
1432
1391
2577
2689
119
934
1018
184
178
179
1073
180
187
1009
193
2497
196
1038
198
1479
1491
1495
1478
1487
1496
1484
1483
1494
1595
1486
1485
1501
1500
1480
1498
2081
2080
1499
1488
1493
1226
1227
1348
191
1482
1472
1477
1476
1473
1475
1474
1232
2702
2818
2819
2820
3062
3075
3076
3093
1492
1490
1489
1481
1523
1592
1593
2691
2690
2699
2821
2915
2916
3191
99
2498
2501
51
2503
661
1131
2482
101
2502
231
232
2493
2494
245
263
2499
100
264
265
2496
266
267
268
273
270
2495
274
276
1075
1083
798
1085
1352
1086
1375
2500
1082
932
1084
929
769
782
1177
2082
785
784
783
771
805
796
1278
2090
778
790
797
802
795
779
776
780
793
791
800
2092
794
2091
770
2087
2088
2086
772
773
2084
775
788
803
789
781
804
777
801
792
2085
799
2083
774
1395
2491
2504
2505
2790
2869
2995
3072
3074
3153
2492
2867
2868
2917
2918
2919
2920
3095
3096
3127
3186
935
2275
514
2570
515
2575
518
2571
521
2572
522
1236
523
520
2573
516
2574
1268
1266
1267
1071
1561
1451
1596
1564
2266
2268
2269
2267
2271
1572
1565
1590
2270
2274
1567
2277
2272
2273
1563
1562
2276
1570
2566
2996
2567
2568
2569
3116
3117
35
2523
2524
342
2526
343
344
1280
2181
356
345
346
347
1277
348
355
1089
350
353
359
360
2525
362
1044
2159
2160
2162
2161
2158
2157
2163
2165
2164
2185
2172
2184
2169
2180
2171
2174
2170
2175
2168
2178
2177
2187
2179
2173
2186
2166
2188
2182
2183
2167
2176
2520
2521
2527
2528
3041
3044
2522
2692
3087
3088
3112
3123
364
1093
470
1917
1916
1918
330
2560
36
57
1441
332
334
107
2562
37
2252
336
349
2564
351
2253
352
2563
354
358
361
2561
373
376
357
2254
363
365
1265
368
1090
371
369
366
375
378
382
380
1043
383
1262
1185
1184
1263
862
2231
1102
2233
2232
2257
2245
2244
2243
1146
1130
2242
2255
2246
1284
1127
2261
2846
2264
2236
2241
2260
2263
2235
2237
1383
2234
2238
2249
1454
2247
2239
1128
2240
2259
2250
2248
2258
937
1230
1231
1224
2991
1213
2256
863
1415
1558
2565
2632
2815
2986
2992
1283
2693
2694
2873
2874
2875
2876
2877
2878
2879
3097
97
480
483
488
492
495
498
1094
1095
500
1331
501
1269
502
1707
1709
1705
1706
1708
1711
1710
1712
1721
1722
1720
1717
1714
1588
1715
1723
1719
1718
1713
1716
1559
2358
2359
2360
2361
3154
3155
2695
2952
3107
3128
367
370
372
2278
2280
1569
1568
2279
1555
544
2576
545
2288
546
1241
2281
2282
2289
2283
2287
2284
2286
2285
2615
3099
74
2487
199
233
2488
1091
234
2490
235
237
2489
1036
236
238
239
2066
2067
2065
2069
2068
1333
2070
2071
1335
1389
2073
1392
2076
2075
2074
1372
2077
2079
2078
2631
2882
3051
1541
2486
2911
2958
3092
1234
1220
1233
1287
1221
2619
2602
3007
1270
3008
2626
2810
2809
1272
2811
